# x	y	u	v	flags	mask
5.7000e+01	3.7700e+02	2.3006e-01	3.1025e-01	0.0000e+00	0.0000e+00
9.9000e+01	3.7700e+02	4.0590e-01	-4.3757e-03	0.0000e+00	0.0000e+00
1.4100e+02	3.7700e+02	1.4961e-01	4.5030e-02	0.0000e+00	0.0000e+00
1.8300e+02	3.7700e+02	2.1951e-01	-2.6520e-01	0.0000e+00	0.0000e+00
2.2500e+02	3.7700e+02	-5.6393e-02	-2.9060e-01	0.0000e+00	0.0000e+00
2.6700e+02	3.7700e+02	-6.3228e-02	-3.5009e-01	0.0000e+00	0.0000e+00
3.0900e+02	3.7700e+02	-3.0513e-02	-2.5005e-01	0.0000e+00	0.0000e+00
3.5100e+02	3.7700e+02	3.6730e-01	-7.9211e-02	0.0000e+00	0.0000e+00
3.9300e+02	3.7700e+02	1.0519e-01	2.0358e-01	0.0000e+00	0.0000e+00
5.7000e+01	3.3500e+02	3.5214e-01	3.5152e-02	0.0000e+00	0.0000e+00
9.9000e+01	3.3500e+02	4.2172e-01	-1.5864e-02	0.0000e+00	0.0000e+00
1.4100e+02	3.3500e+02	3.3824e-01	-1.5762e-01	0.0000e+00	0.0000e+00
1.8300e+02	3.3500e+02	2.6421e-01	-2.3910e-01	0.0000e+00	0.0000e+00
2.2500e+02	3.3500e+02	3.7351e-02	-1.3769e-01	0.0000e+00	0.0000e+00
2.6700e+02	3.3500e+02	8.7507e-02	-2.0490e-01	0.0000e+00	0.0000e+00
3.0900e+02	3.3500e+02	-2.0542e-01	-6.7987e-02	0.0000e+00	0.0000e+00
3.5100e+02	3.3500e+02	-2.6060e-01	1.3199e-01	0.0000e+00	0.0000e+00
3.9300e+02	3.3500e+02	-3.8624e-01	5.0533e-01	0.0000e+00	0.0000e+00
5.7000e+01	2.9300e+02	5.3645e-01	-4.5043e-02	0.0000e+00	0.0000e+00
9.9000e+01	2.9300e+02	3.6041e-01	-1.2903e-01	0.0000e+00	0.0000e+00
1.4100e+02	2.9300e+02	2.5947e-01	-1.9941e-01	0.0000e+00	0.0000e+00
1.8300e+02	2.9300e+02	2.6009e-01	-3.8888e-01	0.0000e+00	0.0000e+00
2.2500e+02	2.9300e+02	8.3972e-02	-1.7738e-01	0.0000e+00	0.0000e+00
2.6700e+02	2.9300e+02	-6.8437e-02	-6.5198e-02	0.0000e+00	0.0000e+00
3.0900e+02	2.9300e+02	-3.5979e-01	1.1197e-01	0.0000e+00	0.0000e+00
3.5100e+02	2.9300e+02	-4.1350e-01	3.5567e-01	0.0000e+00	0.0000e+00
3.9300e+02	2.9300e+02	-3.1508e-01	3.4044e-01	0.0000e+00	0.0000e+00
5.7000e+01	2.5100e+02	6.9473e-01	-3.6342e-01	0.0000e+00	0.0000e+00
9.9000e+01	2.5100e+02	2.5833e-01	-2.8610e-01	0.0000e+00	0.0000e+00
1.4100e+02	2.5100e+02	2.0937e-01	-1.6821e-01	0.0000e+00	0.0000e+00
1.8300e+02	2.5100e+02	-5.3796e-02	-2.2321e-01	0.0000e+00	0.0000e+00
2.2500e+02	2.5100e+02	-1.3524e-01	-2.5091e-01	0.0000e+00	0.0000e+00
2.6700e+02	2.5100e+02	-3.4197e-01	1.9655e-01	0.0000e+00	0.0000e+00
3.0900e+02	2.5100e+02	-4.5603e-01	4.0957e-01	0.0000e+00	0.0000e+00
3.5100e+02	2.5100e+02	-4.1156e-01	5.2526e-01	0.0000e+00	0.0000e+00
3.9300e+02	2.5100e+02	-3.9946e-01	2.4491e-01	0.0000e+00	0.0000e+00
5.7000e+01	2.0900e+02	5.7005e-01	-6.0201e-01	0.0000e+00	0.0000e+00
9.9000e+01	2.0900e+02	2.1236e-01	-5.4093e-01	0.0000e+00	0.0000e+00
1.4100e+02	2.0900e+02	1.8561e-01	-1.0767e-01	0.0000e+00	0.0000e+00
1.8300e+02	2.0900e+02	-1.5107e-01	-4.5528e-02	0.0000e+00	0.0000e+00
2.2500e+02	2.0900e+02	-3.7792e-01	8.7491e-02	0.0000e+00	0.0000e+00
2.6700e+02	2.0900e+02	-4.2856e-01	4.1284e-01	0.0000e+00	0.0000e+00
3.0900e+02	2.0900e+02	-5.5574e-01	4.5321e-01	0.0000e+00	0.0000e+00
3.5100e+02	2.0900e+02	-6.0013e-01	4.7540e-01	0.0000e+00	0.0000e+00
3.9300e+02	2.0900e+02	-6.7352e-01	8.1683e-01	0.0000e+00	0.0000e+00
5.7000e+01	1.6700e+02	4.3581e-01	-3.1856e-02	0.0000e+00	0.0000e+00
9.9000e+01	1.6700e+02	1.7991e-01	4.0185e-02	0.0000e+00	0.0000e+00
1.4100e+02	1.6700e+02	1.3167e-02	-2.4202e-03	0.0000e+00	0.0000e+00
1.8300e+02	1.6700e+02	-2.5356e-01	2.2231e-02	0.0000e+00	0.0000e+00
2.2500e+02	1.6700e+02	-4.6349e-01	2.5860e-01	0.0000e+00	0.0000e+00
2.6700e+02	1.6700e+02	-6.7979e-01	6.2382e-01	0.0000e+00	0.0000e+00
3.0900e+02	1.6700e+02	-5.2597e-01	8.0491e-01	0.0000e+00	0.0000e+00
3.5100e+02	1.6700e+02	-5.7977e-01	6.4443e-01	0.0000e+00	0.0000e+00
3.9300e+02	1.6700e+02	-5.4961e-01	6.6785e-01	0.0000e+00	0.0000e+00
5.7000e+01	1.2500e+02	2.5903e-01	-1.9906e-01	0.0000e+00	0.0000e+00
9.9000e+01	1.2500e+02	4.4034e-02	-6.8321e-02	0.0000e+00	0.0000e+00
1.4100e+02	1.2500e+02	-2.4105e-01	3.1106e-01	0.0000e+00	0.0000e+00
1.8300e+02	1.2500e+02	-5.6127e-01	3.0153e-01	0.0000e+00	0.0000e+00
2.2500e+02	1.2500e+02	-6.6538e-01	4.6730e-01	0.0000e+00	0.0000e+00
2.6700e+02	1.2500e+02	-6.3540e-01	7.2332e-01	0.0000e+00	0.0000e+00
3.0900e+02	1.2500e+02	-6.0437e-01	8.2802e-01	0.0000e+00	0.0000e+00
3.5100e+02	1.2500e+02	-6.0743e-01	7.0025e-01	0.0000e+00	0.0000e+00
3.9300e+02	1.2500e+02	-6.8024e-01	6.4976e-01	0.0000e+00	0.0000e+00
5.7000e+01	8.3000e+01	3.8216e-01	3.0322e-01	0.0000e+00	0.0000e+00
9.9000e+01	8.3000e+01	-3.0709e-01	4.0226e-01	0.0000e+00	0.0000e+00
1.4100e+02	8.3000e+01	-3.4033e-01	5.5530e-01	0.0000e+00	0.0000e+00
1.8300e+02	8.3000e+01	-5.7345e-01	6.7159e-01	0.0000e+00	0.0000e+00
2.2500e+02	8.3000e+01	-6.6956e-01	7.4617e-01	0.0000e+00	0.0000e+00
2.6700e+02	8.3000e+01	-5.7923e-01	7.6516e-01	0.0000e+00	0.0000e+00
3.0900e+02	8.3000e+01	-6.3587e-01	6.2468e-01	0.0000e+00	0.0000e+00
3.5100e+02	8.3000e+01	-4.6658e-01	5.1019e-01	0.0000e+00	0.0000e+00
3.9300e+02	8.3000e+01	-2.8766e-01	4.2386e-01	0.0000e+00	0.0000e+00
5.7000e+01	4.1000e+01	-2.7484e-01	1.8246e-01	0.0000e+00	0.0000e+00
9.9000e+01	4.1000e+01	-6.1242e-01	6.7910e-01	0.0000e+00	0.0000e+00
1.4100e+02	4.1000e+01	-5.9376e-01	6.9701e-01	0.0000e+00	0.0000e+00
1.8300e+02	4.1000e+01	-5.9266e-01	5.7776e-01	0.0000e+00	0.0000e+00
2.2500e+02	4.1000e+01	-7.4467e-01	3.8455e-01	0.0000e+00	0.0000e+00
2.6700e+02	4.1000e+01	-7.2254e-01	8.2881e-01	0.0000e+00	0.0000e+00
3.0900e+02	4.1000e+01	-4.7262e-01	5.4726e-01	0.0000e+00	0.0000e+00
3.5100e+02	4.1000e+01	-1.7509e-01	4.8995e-01	0.0000e+00	0.0000e+00
3.9300e+02	4.1000e+01	-6.3353e-02	4.0286e-01	0.0000e+00	0.0000e+00
